==========================================================================================================
 REPORTE COMPARATIVO 30 REPETICIONES: Heurística vs Búsqueda Local (LS) vs Búsqueda Local Iterada (ILS)
==========================================================================================================
Archivo           | Exacto   | Costo H   | T. H(s)   | Costo LS  | T. LS(s)  | Costo ILS  | T. ILS(s)  | Costo TS   | T. TS(s)   | Costo SA   | T. SA(s)   | Costo AG   | T. AG(s)
----------------------------------------------------------------------------------------------------------
n6_i9_N10000.cnf  | -------- | 0         | 0.000489(0)| 0         | 0.001022(0)| 0          | 0.018159(0)| 0          | 0.082472(0)| 0          | 0.000533(0)| 0          | 1.263415(0)
n6_i9_N1000.cnf   | -------- | 0         | 0.000376(0)| 0         | 0.001021(0)| 0          | 0.020624(0)| 0          | 0.090910(0)| 0          | 0.000780(0)| 0          | 1.271934(0)
n6_i8_N1000.cnf   | -------- | 0         | 0.000559(0)| 0         | 0.001145(0)| 0          | 0.023738(0)| 0          | 0.116272(0)| 0          | 0.000658(0)| 0          | 1.283384(0)
n6_i4_N500.cnf    | -------- | 0         | 0.000460(0)| 0         | 0.001167(0)| 0          | 0.023930(0)| 0          | 0.137492(0)| 0          | 0.000612(0)| 0          | 1.207583(0)
n6_i7_N1000.cnf   | -------- | 0         | 0.000437(0)| 0         | 0.001078(0)| 0          | 0.027804(0)| 0          | 0.125158(0)| 0          | 0.000807(0)| 0          | 1.173717(0)
n7_i8_N10000.cnf  | -------- | 0         | 0.002460(0)| 0         | 0.005581(0)| 0          | 0.230893(0)| 0          | 0.704459(0)| 0          | 0.003567(0)| 0          | 6.658311(0)
n7_i8_N1000.cnf   | -------- | 0         | 0.009700(0)| 0         | 0.006104(0)| 0          | 0.220522(0)| 0          | 0.710632(0)| 0          | 0.006922(0)| 0          | 6.651934(0)
n7_i9_N500.cnf    | -------- | 0         | 0.001747(0)| 0         | 0.006736(0)| 0          | 0.159138(0)| 0          | 0.722576(0)| 0          | 0.003113(0)| 0          | 6.548438(0)
n5_i2_N500.cnf    | -------- | 0         | 0.003233(0)| 0         | 0.010557(0)| 0          | 0.284977(0)| 0          | 1.210169(0)| 0          | 0.003716(0)| 0          | 12.298932(0)
n5_i7_N1000.cnf   | -------- | 0         | 0.005250(0)| 0         | 0.014025(0)| 0          | 0.364907(0)| 0          | 1.678021(0)| 0          | 0.006515(0)| 0          | 15.514112(0)
n5_i8_N10000.cnf  | -------- | 0         | 0.004641(0)| 0         | 0.012299(0)| 0          | 0.349135(0)| 0          | 1.686152(0)| 0          | 0.004986(0)| 0          | 16.401566(0)
n5_i4_N500.cnf    | -------- | 0         | 0.004676(0)| 0         | 0.012332(0)| 0          | 0.301520(0)| 0          | 1.819776(0)| 0          | 0.004642(0)| 0          | 16.627197(0)
n5_i5_N10000.cnf  | -------- | 0         | 0.005362(0)| 0         | 0.012652(0)| 0          | 0.385224(0)| 0          | 1.727134(0)| 0          | 0.004452(0)| 0          | 16.333040(0)
n6_i5_N10000.cnf  | -------- | 0         | 0.010115(0)| 0         | 0.032784(0)| 0          | 0.858593(0)| 0          | 3.510869(0)| 0          | 0.007139(0)| 0          | 43.942722(0)
n6_i1_N500.cnf    | -------- | 0         | 0.013507(0)| 0         | 0.042619(0)| 0          | 1.135623(0)| 0          | 5.044107(0)| 0          | 0.010113(0)| 0          | 56.753304(0)
==========================================================================================================